000100039X 1
0001055178 2
0001712772 3
000171287X 4
0001714538 5
0002005395 6
0002007649 7
0002007770 8
0002051850 9
0002113570 10
0002117088 11
0002154129 12
0002154463 13
000215725X 14
0002157330 15
0002178559 16
0002179911 17
0002185385 18
000221685X 19
0002216973 20
000221735X 21
0002219417 22
0002221020 23
0002222590 24
000222383X 25
0002226618 26
0002226901 27
0002239221 28
000224053X 29
0002242052 30
0002243768 31
0002246325 32
0002247399 33
0002251337 34
0002257858 35
0002310899 36
0002311216 37
0002315963 38
0002318075 39
0002318652 40
0002444763 41
0002550296 42
0002550938 43
0002553708 44
000255383X 45
0002555166 46
0002555328 47
0002558033 48
0002570130 49
0002572168 50
0002621509 51
0002713624 52
0002726874 53
0002727463 54
0002740427 55
0003708861 56
0004111176 57
0004707532 58
000470763X 59
0004723724 60
000612609X 61
0006128513 62
0006135129 63
0006136389 64
0006137741 65
0006142060 66
0006145388 67
0006151329 68
000615591X 69
0006158048 70
0006158056 71
0006161294 72
0006161413 73
000616174X 74
0006162592 75
0006162649 76
0006164811 77
0006166598 78
000616823X 79
0006170072 80
0006171044 81
0006173586 82
000617471X 83
0006175015 84
0006176550 85
0006176593 86
000617681X 87
0006176909 88
0006178979 89
0006281052 90
0006281486 91
0006353282 92
0006371949 93
0006375170 94
0006375219 95
0006380727 96
0006388515 97
0006392202 98
0006393195 99
000639325X 100
0006393659 101
0006470181 102
000647019X 103
0006470238 104
0006472648 105
0006473334 106
0006473407 107
0006475973 108
0006476058 109
0006476155 110
0006478840 111
0006479286 112
0006479677 113
0006479758 114
0006479901 115
000648204X 116
0006482791 117
0006482821 118
0006485944 119
0006490603 120
0006492460 121
000649319X 122
0006493599 123
0006496911 124
000649692X 125
0006497802 126
0006498000 127
0006498051 128
0006498604 129
000649885X 130
0006499163 131
0006499317 132
0006499708 133
0006499945 134
0006510019 135
0006511252 136
0006511775 137
0006512070 138
0006512275 139
0006512666 140
0006514006 141
000651412X 142
0006514219 143
0006514359 144
0006514642 145
0006514774 146
0006514952 147
0006530699 148
0006530702 149
0006544150 150
0006544894 151
0006547133 152
0006547192 153
0006547265 154
0006548369 155
0006550339 156
0006550436 157
0006550479 158
0006551386 159
0006551742 160
0006551807 161
0006552021 162
0006552358 163
0006733271 164
0006754708 165
0006755216 166
0006863353 167
0006917801 168
0007100450 169
0007101082 170
0007101112 171
0007101147 172
0007101880 173
0007102011 174
0007102658 175
0007103417 176
0007106246 177
0007107927 178
0007107951 179
0007111347 180
0007111509 181
0007112521 182
0007113080 183
0007113633 184
0007114222 185
0007114494 186
0007115865 187
0007116055 188
0007116233 189
0007118481 190
0007118899 191
0007119267 192
0007120222 193
0007120699 194
0007121121 195
000712113X 196
0007124015 197
000712614X 198
000712774X 199
0007127820 200
0007127871 201
0007132417 202
0007133073 203
0007133235 204
0007135653 205
0007136463 206
0007136838 207
0007137508 208
0007137516 209
0007138873 210
0007140975 211
0007141785 212
0007145160 213
0007145896 214
0007146841 215
0007147201 216
0007147295 217
0007148089 218
0007148976 219
0007149042 220
0007149425 221
0007149530 222
0007149824 223
0007150342 224
0007152531 225
0007154607 226
0007154615 227
0007155018 228
0007155417 229
0007156588 230
0007156618 231
0007156634 232
0007156642 233
0007157150 234
0007157169 235
0007157177 236
0007158084 237
0007158505 238
0007160003 239
0007161263 240
0007161328 241
000716212X 242
0007162219 243
0007163061 244
000716307X 245
0007163541 246
0007164653 247
0007164785 248
0007166664 249
0007166753 250
0007167040 251
0007169639 252
0007169914 253
0007170580 254
0007170602 255
0007171684 256
0007172826 257
0007173415 258
0007173687 259
0007174268 260
0007175175 261
0007175337 262
000717604X 263
0007177208 264
0007179731 265
0007181639 266
0007181868 267
0007182155 268
0007182325 269
0007183054 270
0007183259 271
0007183488 272
0007183518 273
0007189532 274
0007189885 275
0007189958 276
0007190042 277
0007190360 278
0007190611 279
0007192932 280
0007193181 281
0007193521 282
0007194161 283
0007195524 284
0007196091 285
000719739X 286
0007198299 287
0007198876 288
0007199058 289
0007201796 290
0007202474 291
000720311X 292
0007204396 293
0007204477 294
0007205236 295
0007206976 296
0007207603 297
0007212666 298
0007212712 299
000721278X 300
0007213514 301
0007217110 302
0007217811 303
0007217838 304
0007221665 305
0007222017 306
0007223706 307
0007223722 308
0007225520 309
0007228023 310
0007229682 311
0007229690 312
0007230028 313
0007230206 314
0007231318 315
0007231601 316
0007231989 317
000723242X 318
0007233450 319
0007235801 320
0007236360 321
0007236379 322
0007240198 323
0007242638 324
0007243448 325
0007244576 326
0007245742 327
0007245815 328
0007245823 329
000724794X 330
0007248075 331
0007250886 332
000725394X 333
0007253990 334
0007254008 335
0007256817 336
0007257031 337
0007257546 338
0007258291 339
0007260938 340
0007260989 341
0007261497 342
0007261985 343
0007263686 344
0007264712 345
000726528X 346
0007265905 347
0007266499 348
0007267444 349
0007267622 350
0007268777 351
0007268939 352
0007269072 353
0007269854 354
0007270720 355
0007270968 356
0007271166 357
000727405X 358
0007274572 359
0007276141 360
0007278446 361
0007278470 362
0007279043 363
0007280777 364
0007280998 365
0007281048 366
0007281447 367
0007281951 368
0007285248 369
0007285973 370
000728800X 371
0007288409 372
0007288417 373
0007289103 374
0007291183 375
0007296878 376
0007298552 377
0007298560 378
0007298706 379
0007299273 380
0007299281 381
0007299540 382
0007301545 383
0007302282 384
0007302304 385
0007302622 386
0007303017 387
0007306202 388
0007310560 389
0007311672 390
0007311907 391
0007312164 392
0007313527 393
000731504X 394
0007315120 395
0007317735 396
0007320183 397
0007321112 398
0007322429 399
0007322615 400
0007325169 401
0007327064 402
0007327692 403
0007327978 404
0007328230 405
0007328419 406
000733088X 407
0007331681 408
0007332750 409
0007333994 410
0007334877 411
0007336977 412
0007337701 413
0007337914 414
0007339615 415
0007340826 416
0007343310 417
0007344201 418
000734421X 419
0007344260 420
0007345623 421
0007345631 422
0007346549 423
0007347073 424
000735018X 425
0007350309 426
000735049X 427
0007352670 428
000735326X 429
0007361556 430
0007362544 431
000736296X 432
0007367759 433
0007367880 434
0007373619 435
0007374755 436
0007382227 437
000738422X 438
0007386648 439
0007388160 440
0007389868 441
0007391595 442
0007398549 443
0007410956 444
0007413629 445
000741577X 446
0007419023 447
0007419449 448
0007419457 449
000741949X 450
0007419511 451
0007420765 452
0007423632 453
0007426224 454
000742860X 455
0007430590 456
0007430671 457
0007431201 458
0007432852 459
0007435851 460
0007436564 461
0007436629 462
0007438885 463
0007441290 464
0007441401 465
0007442629 466
0007442637 467
0007442920 468
0007443501 469
0007444117 470
0007445210 471
0007446128 472
0007446306 473
0007446977 474
0007447094 475
000744785X 476
0007447868 477
0007448473 478
0007449232 479
0007450168 480
000745113X 481
0007454767 482
0007456816 483
0007458207 484
0007459173 485
0007460546 486
0007461100 487
0007461763 488
0007462271 489
0007462581 490
0007467478 491
0007473214 492
000747959X 493
0007480229 494
0007481012 495
0007481195 496
0007481349 497
0007486774 498
0007487223 499
000748805X 500
0007488254 501
0007489447 502
0007491263 503
0007491271 504
0007491298 505
0007491433 506
0007491530 507
0007493754 508
0007497989 509
0007500920 510
0007503156 511
0007503598 512
000750361X 513
0007504586 514
0007506236 515
0007507496 516
0007514913 517
0007519532 518
0007523580 519
000752417X 520
0007524404 521
0007525575 522
0007530226 523
0007530919 524
0007533322 525
0007540035 526
0007546017 527
0007559461 528
000755947X 529
0007559569 530
0007575505 531
0007622872 532
0007622880 533
000765202X 534
000766141X 535
000779021X 536
0007821859 537
0007828780 538
0020080956 539
0020088221 540
0020098014 541
0020100604 542
0020133405 543
0020136609 544
0020163908 545
0020165811 546
0020184700 547
0020192002 548
0020199856 549
0020209851 550
0020236107 551
002025900X 552
0020259905 553
002028361X 554
0020285604 555
0020291922 556
0020292651 557
0020298951 558
0020302754 559
0020303955 560
0020306652 561
0020307209 562
0020307306 563
0020311605 564
0020315910 565
0020316607 566
0020343906 567
0020360754 568
0020381026 569
0020383142 570
0020404808 571
0020408811 572
0020415133 573
0020421907 574
0020425651 575
0020425716 576
0020425759 577
002042681X 578
0020427018 579
0020427115 580
0020427212 581
0020427859 582
0020430906 583
0020432801 584
0020436203 585
0020437501 586
0020443005 587
0020446500 588
0020446519 589
0020449313 590
002044995X 591
0020452705 592
002045600X 593
0020519001 594
0020519109 595
0020583516 596
002073610X 597
0020746903 598
0020768702 599
0020777507 600
0020794304 601
0020820445 602
0020820755 603
0020867506 604
0023080302 605
0023270705 606
0023285192 607
0023456108 608
0023548568 609
0023605103 610
0024041513 611
002411510X 612
0024181900 613
0024288101 614
0024972002 615
0025005731 616
0025068407 617
0025174215 618
0025174304 619
0025174703 620
0025202529 621
002520260X 622
0025225804 623
0025236601 624
0025281607 625
0025292404 626
002542730X 627
0025439472 628
0025473905 629
0025483358 630
0025631403 631
0025718703 632
0025853503 633
0025882201 634
0025955004 635
0026009102 636
0026012502 637
0026045702 638
0026070510 639
0026124157 640
0026128101 641
0026154609 642
0026154900 643
0026155001 644
0026155109 645
0026217457 646
002621850X 647
0026309106 648
0026887541 649
0026890224 650
0027109917 651
0027110400 652
0027116905 653
0027136701 654
002717350X 655
0027180905 656
0027197107 657
0027291855 658
0027348407 659
0027375854 660
0027379108 661
0027436225 662
0027436284 663
0027436292 664
002765415X 665
0027731006 666
0027772705 667
002782683X 668
0027858405 669
0027861317 670
0027888304 671
0028603672 672
0028603869 673
0028603958 674
0028604032 675
0028604199 676
0028604202 677
0028608135 678
0028608151 679
0028608208 680
0028608380 681
002860847X 682
0028609883 683
0028610105 684
0028610873 685
0028612337 686
0028612345 687
0028612566 688
0028612752 689
0028612922 690
0028613198 691
0028613279 692
0028613406 693
0028613430 694
0028614496 695
0028614518 696
0028617347 697
0028617355 698
0028617606 699
0028618475 700
0028618521 701
0028618904 702
0028619471 703
0028619560 704
0028619757 705
0028620135 706
0028620577 707
0028620666 708
0028621239 709
0028621328 710
0028621492 711
0028622855 712
0028623371 713
0028623851 714
0028624114 715
0028624513 716
0028626036 717
0028626958 718
0028627105 719
0028627113 720
0028627350 721
0028627393 722
0028627431 723
0028627598 724
0028627717 725
0028629043 726
0028629051 727
0028629515 728
0028630238 729
0028631188 730
0028631528 731
0028631552 732
0028631757 733
0028631803 734
0028631919 735
002863196X 736
002863201X 737
0028632028 738
0028632613 739
0028632753 740
0028633504 741
0028633946 742
0028634659 743
0028634691 744
0028635264 745
0028636376 746
0028636384 747
0028636392 748
0028637275 749
0028637623 750
0028637925 751
0028638352 752
0028639022 753
0028639073 754
0028639189 755
0028639197 756
0028639448 757
0028639456 758
0028639510 759
0028639588 760
0028639804 761
0028641418 762
0028641442 763
0028641469 764
0028641515 765
0028641671 766
0028641701 767
0028641779 768
0028641817 769
0028641825 770
0028642082 771
0028642252 772
0028642279 773
0028642287 774
0028642333 775
0028642414 776
0028642589 777
0028642600 778
0028642627 779
0028642643 780
0028642651 781
002864266X 782
0028643151 783
002864316X 784
002864350X 785
0028643518 786
0028643658 787
0028643771 788
0028643828 789
0028643909 790
0028643992 791
0028644174 792
0028644670 793
0028644719 794
0028644913 795
0028644921 796
0028646851 797
0028647297 798
0028647394 799
0028648153 800
0028659287 801
0028722809 802
0028740238 803
0028740483 804
0028740637 805
0028740912 806
0028741013 807
0028810120 808
0028810252 809
0028810864 810
0028811135 811
0028811259 812
002900151X 813
0029021901 814
0029023807 815
0029024501 816
0029030129 817
0029046564 818
0029059801 819
0029059909 820
002907052X 821
0029077354 822
002907990X 823
0029081025 824
0029089255 825
0029089263 826
0029099110 827
0029109752 828
0029113121 829
0029115744 830
0029117062 831
0029119154 832
0029123704 833
0029146739 834
0029166500 835
0029166764 836
0029166837 837
0029173078 838
0029177766 839
0029184657 840
0029190908 841
0029197619 842
0029197821 843
0029212871 844
0029215978 845
0029216052 846
0029227917 847
0029227968 848
0029238374 849
0029257506 850
0029259657 851
0029273722 852
0029290406 853
0029303303 854
0029303605 855
0029334357 856
0029345707 857
0029351804 858
0030007380 859
0030029945 860
0030040590 861
0030073227 862
0030108063 863
0030139163 864
0030149061 865
0030206936 866
0030207916 867
0030266408 868
0030295580 869
0030317169 870
0030352401 871
0030421365 872
0030442214 873
0030491266 874
0030509262 875
003055442X 876
0030554624 877
0030565812 878
003057059X 879
0030574862 880
0030585015 881
0030595746 882
003061368X 883
0030615526 884
0030615534 885
0030624363 886
003064156X 887
0030707315 888
0030715342 889
0030718872 890
0030839939 891
0030913500 892
0030968356 893
0043000908 894
0044401566 895
0048230782 896
0049470256 897
0060000147 898
0060000155 899
006000018X 900
0060000708 901
0060000716 902
0060000732 903
0060000805 904
0060000929 905
0060001054 906
0060001208 907
0060001445 908
0060001453 909
0060001461 910
0060001496 911
006000150X 912
0060001534 913
0060001569 914
0060001801 915
006000181X 916
0060002050 917
0060002069 918
0060002077 919
0060002107 920
0060002433 921
0060002484 922
0060002506 923
0060002522 924
0060002603 925
0060002697 926
0060002700 927
0060004320 928
006000438X 929
0060004398 930
0060004401 931
0060004428 932
0060004436 933
0060004533 934
006000455X 935
0060004606 936
0060004622 937
0060004681 938
0060004746 939
0060004770 940
0060004797 941
0060004843 942
006000486X 943
0060004878 944
0060005505 945
0060005521 946
0060005548 947
0060005556 948
0060005696 949
006000570X 950
0060005726 951
0060005777 952
0060005858 953
0060006196 954
006000620X 955
0060006269 956
0060006293 957
0060006331 958
0060006358 959
0060006412 960
0060006587 961
0060006617 962
0060006633 963
0060006641 964
006000665X 965
0060006765 966
006000679X 967
0060006897 968
0060006900 969
0060006927 970
0060007192 971
0060007230 972
0060007281 973
006000732X 974
0060007362 975
0060007443 976
0060007451 977
0060007478 978
0060007672 979
0060007737 980
0060007761 981
006000777X 982
0060007826 983
0060007834 984
0060007982 985
0060008032 986
0060008040 987
0060008121 988
0060008326 989
0060008369 990
0060008385 991
006000844X 992
0060008504 993
0060008725 994
0060008776 995
0060008806 996
0060008814 997
0060008873 998
0060008881 999
0060008903 1000
006000892X 1001
0060009144 1002
0060009225 1003
0060009241 1004
006000925X 1005
0060009268 1006
0060009292 1007
0060009314 1008
0060009349 1009
0060009357 1010
006000942X 1011
0060009640 1012
0060009667 1013
0060009772 1014
0060009829 1015
0060010126 1016
0060010800 1017
0060011076 1018
0060011327 1019
0060011343 1020
0060011416 1021
0060011483 1022
0060011564 1023
0060011572 1024
0060011599 1025
0060011602 1026
0060011610 1027
0060011823 1028
0060011831 1029
0060011912 1030
0060011939 1031
0060011963 1032
006001203X 1033
0060012110 1034
006001220X 1035
0060012234 1036
0060012358 1037
0060012382 1038
0060012560 1039
0060012617 1040
0060012781 1041
0060012811 1042
0060012854 1043
0060012862 1044
0060012897 1045
0060013125 1046
0060013168 1047
0060013249 1048
0060013486 1049
0060013494 1050
0060013508 1051
0060013524 1052
006001377X 1053
0060013974 1054
0060014008 1055
0060014016 1056
0060014091 1057
0060014156 1058
0060014164 1059
0060014261 1060
006001427X 1061
0060014318 1062
0060014342 1063
0060080817 1064
0060080841 1065
0060080930 1066
0060080957 1067
006008118X 1068
0060081570 1069
0060081589 1070
0060081600 1071
0060081635 1072
0060081651 1073
0060081686 1074
0060081694 1075
0060081961 1076
0060081988 1077
0060082070 1078
0060082194 1079
0060082208 1080
0060082216 1081
0060082224 1082
0060082739 1083
0060082879 1084
006008314X 1085
0060083247 1086
0060083298 1087
0060083816 1088
0060083824 1089
0060083956 1090
0060083972 1091
0060083999 1092
0060084022 1093
0060084065 1094
0060084081 1095
006008409X 1096
0060084103 1097
0060084332 1098
0060084340 1099
0060084383 1100
0060084448 1101
0060084499 1102
0060084758 1103
0060084766 1104
0060085444 1105
0060085452 1106
0060085460 1107
0060085487 1108
0060085495 1109
0060085568 1110
0060085630 1111
0060085657 1112
0060085894 1113
0060085959 1114
0060086122 1115
0060086246 1116
0060086270 1117
0060086386 1118
0060086513 1119
0060086521 1120
0060086602 1121
0060086637 1122
006008667X 1123
0060087358 1124
0060087374 1125
0060087390 1126
0060087412 1127
0060087447 1128
0060087633 1129
0060087706 1130
0060087714 1131
0060087757 1132
0060088591 1133
0060088605 1134
0060088613 1135
0060088621 1136
0060088710 1137
0060088745 1138
0060088753 1139
0060088788 1140
0060088796 1141
0060088818 1142
0060088877 1143
0060088907 1144
0060088915 1145
0060088931 1146
0060089261 1147
0060089539 1148
0060089547 1149
0060089555 1150
0060089598 1151
006008992X 1152
0060090073 1153
006009026X 1154
0060090367 1155
0060090375 1156
0060090383 1157
0060090553 1158
006009057X 1159
0060090588 1160
0060090650 1161
0060090707 1162
0060090731 1163
006009074X 1164
006009110X 1165
0060091290 1166
0060091436 1167
0060092130 1168
0060092149 1169
0060092165 1170
0060092572 1171
0060092645 1172
0060092653 1173
0060092661 1174
0060092696 1175
0060092742 1176
0060092904 1177
0060092939 1178
0060092963 1179
0060092971 1180
006009298X 1181
006009334X 1182
006009348X 1183
0060093560 1184
0060093579 1185
0060093609 1186
0060093617 1187
0060093684 1188
0060093749 1189
0060093897 1190
0060094095 1191
0060094117 1192
0060094354 1193
0060094397 1194
0060094419 1195
0060094443 1196
0060094613 1197
0060094672 1198
0060094680 1199
0060094699 1200
0060094702 1201
0060094729 1202
0060094893 1203
0060094907 1204
0060094923 1205
0060094931 1206
006009494X 1207
0060094958 1208
006009527X 1209
0060095563 1210
0060095571 1211
0060095725 1212
0060096047 1213
0060096071 1214
0060096128 1215
0060096152 1216
0060096160 1217
0060096195 1218
0060096209 1219
0060096446 1220
0060096551 1221
0060096608 1222
0060096616 1223
0060096640 1224
0060096659 1225
0060096675 1226
0060096691 1227
0060096764 1228
0060096780 1229
0060096861 1230
0060096942 1231
0060097329 1232
0060097477 1233
0060097701 1234
0060097833 1235
006009785X 1236
0060097914 1237
0060097922 1238
0060097930 1239
0060097957 1240
0060097981 1241
0060098538 1242
0060098902 1243
0060099003 1244
0060099062 1245
0060099070 1246
0060099097 1247
0060099240 1248
0060099275 1249
0060099453 1250
0060099526 1251
0060099682 1252
0060100990 1253
0060103590 1254
0060107278 1255
0060107790 1256
0060110740 1257
0060110864 1258
0060110929 1259
0060111100 1260
0060111135 1261
0060112972 1262
0060113022 1263
0060121246 1264
0060124369 1265
0060125403 1266
0060126566 1267
0060126914 1268
0060133619 1269
0060137290 1270
0060139129 1271
0060140178 1272
0060142782 1273
0060142839 1274
0060145765 1275
0060145994 1276
0060146931 1277
0060149906 1278
0060150866 1279
0060151005 1280
006015117X 1281
0060152311 1282
0060152508 1283
0060152656 1284
0060153180 1285
0060155248 1286
0060155477 1287
0060156120 1288
006015702X 1289
006015716X 1290
0060157399 1291
0060157763 1292
0060158085 1293
0060160101 1294
0060161744 1295
0060161787 1296
0060161922 1297
0060162023 1298
0060162724 1299
0060162961 1300
006016400X 1301
0060164549 1302
0060164662 1303
0060164786 1304
0060165073 1305
0060165693 1306
0060165936 1307
0060166517 1308
0060166967 1309
0060167068 1310
0060167181 1311
0060167254 1312
0060168196 1313
0060168323 1314
006016848X 1315
0060168579 1316
0060168641 1317
0060169494 1318
0060170301 1319
006017062X 1320
0060171030 1321
0060171138 1322
0060171219 1323
006017143X 1324
0060171472 1325
0060172185 1326
006017224X 1327
0060172517 1328
0060172681 1329
0060172703 1330
0060172789 1331
0060173149 1332
0060173246 1333
0060173343 1334
0060173521 1335
0060173688 1336
0060173726 1337
0060173858 1338
0060173963 1339
0060174056 1340
0060174072 1341
006017434X 1342
0060174455 1343
006017448X 1344
0060174552 1345
0060174803 1346
0060174927 1347
0060175273 1348
0060175400 1349
0060175435 1350
0060175508 1351
0060175680 1352
0060175699 1353
0060175834 1354
0060175869 1355
0060175966 1356
006017613X 1357
0060176350 1358
0060176385 1359
0060176938 1360
0060177179 1361
0060177209 1362
006017787X 1363
0060177950 1364
0060179430 1365
0060182156 1366
0060182520 1367
006018261X 1368
0060182938 1369
0060182989 1370
0060183349 1371
0060183454 1372
0060183543 1373
0060183713 1374
006018373X 1375
0060183837 1376
0060183896 1377
006018390X 1378
0060183969 1379
006018406X 1380
0060184698 1381
0060184701 1382
006018471X 1383
0060184728 1384
0060184752 1385
0060184760 1386
0060184817 1387
0060184884 1388
0060184957 1389
0060184973 1390
0060185074 1391
0060185112 1392
0060185147 1393
0060185163 1394
006018518X 1395
0060185198 1396
0060185201 1397
0060185252 1398
0060185287 1399
006018535X 1400
0060185368 1401
0060185406 1402
0060185414 1403
0060185422 1404
0060185430 1405
0060185481 1406
0060185511 1407
006018552X 1408
0060185546 1409
0060185562 1410
006018566X 1411
0060185716 1412
0060185724 1413
0060186259 1414
0060186275 1415
0060186283 1416
0060186305 1417
006018633X 1418
0060186372 1419
0060186399 1420
0060186526 1421
0060186631 1422
0060186879 1423
0060187115 1424
0060187166 1425
0060187182 1426
0060187271 1427
006018731X 1428
0060187662 1429
006018793X 1430
0060188219 1431
0060188243 1432
006018860X 1433
0060188650 1434
0060188707 1435
0060188723 1436
0060188774 1437
0060188790 1438
0060188804 1439
0060188820 1440
0060188839 1441
006018891X 1442
0060188928 1443
0060188952 1444
0060190434 1445
0060191252 1446
0060191333 1447
0060191368 1448
0060191384 1449
0060191449 1450
0060191465 1451
0060191538 1452
0060191546 1453
0060191554 1454
0060191856 1455
0060191872 1456
006019197X 1457
0060191988 1458
0060192089 1459
0060192097 1460
0060192119 1461
0060192186 1462
0060192216 1463
0060192313 1464
0060192364 1465
0060192461 1466
006019247X 1467
0060192488 1468
0060192577 1469
0060192585 1470
0060192615 1471
0060192631 1472
0060192704 1473
0060192755 1474
0060192852 1475
006019295X 1476
0060193158 1477
0060193166 1478
0060193174 1479
0060193220 1480
0060193263 1481
006019328X 1482
0060193328 1483
0060193395 1484
0060193409 1485
0060193433 1486
0060193484 1487
0060193506 1488
0060193611 1489
0060193638 1490
0060193654 1491
0060193670 1492
0060193689 1493
006019376X 1494
0060193867 1495
0060193921 1496
006019393X 1497
0060194111 1498
0060194146 1499
0060194162 1500
0060194170 1501
0060194189 1502
0060194197 1503
0060194286 1504
0060194316 1505
0060194324 1506
0060194332 1507
0060194340 1508
0060194367 1509
0060194375 1510
0060194383 1511
0060194391 1512
0060194464 1513
0060194480 1514
0060194766 1515
0060194804 1516
0060194839 1517
0060194847 1518
0060194855 1519
0060194863 1520
006019488X 1521
006019491X 1522
0060194995 1523
0060195185 1524
0060195207 1525
006019524X 1526
0060195290 1527
0060195304 1528
0060195320 1529
0060195339 1530
0060195347 1531
006019538X 1532
0060195398 1533
0060195460 1534
0060195576 1535
0060195592 1536
0060195606 1537
0060195649 1538
0060195711 1539
0060195746 1540
0060195770 1541
0060195797 1542
0060195827 1543
0060195835 1544
0060195851 1545
0060195932 1546
0060195959 1547
0060195967 1548
0060196092 1549
0060196114 1550
0060196149 1551
0060196211 1552
0060196343 1553
0060196475 1554
0060196483 1555
0060196491 1556
0060196513 1557
006019653X 1558
0060196556 1559
0060196661 1560
0060196742 1561
0060196807 1562
0060196823 1563
0060196971 1564
0060197242 1565
0060197285 1566
0060197358 1567
0060197366 1568
0060197455 1569
0060197463 1570
0060197528 1571
0060197536 1572
0060197676 1573
0060197722 1574
0060197749 1575
0060197765 1576
0060197897 1577
0060197935 1578
0060197943 1579
006019796X 1580
0060197978 1581
0060198125 1582
0060198184 1583
0060198214 1584
0060198281 1585
0060198303 1586
0060198338 1587
0060198494 1588
0060198508 1589
0060198516 1590
0060198605 1591
0060198753 1592
0060198761 1593
006019877X 1594
0060198788 1595
0060198796 1596
0060199032 1597
0060199202 1598
0060199237 1599
0060199296 1600
0060199326 1601
0060199369 1602
0060199393 1603
0060199415 1604
0060199512 1605
0060199520 1606
0060199539 1607
0060199571 1608
0060199695 1609
0060199733 1610
0060199741 1611
0060199865 1612
0060200502 1613
0060204230 1614
0060204729 1615
0060207507 1616
0060210745 1617
0060210982 1618
0060211334 1619
0060214163 1620
0060218053 1621
0060220732 1622
0060223383 1623
0060224320 1624
0060233346 1625
006023413X 1626
006023640X 1627
0060239204 1628
0060241039 1629
0060241101 1630
0060241497 1631
0060242647 1632
0060244054 1633
0060244240 1634
0060245425 1635
0060245603 1636
0060245867 1637
0060246421 1638
0060247517 1639
0060247525 1640
0060247983 1641
0060248025 1642
0060248122 1643
0060250488 1644
0060250771 1645
0060253754 1646
0060254920 1647
0060255005 1648
0060255234 1649
0060256532 1650
0060256575 1651
0060256656 1652
0060256672 1653
0060256710 1654
0060256753 1655
0060257016 1656
006026134X 1657
0060262656 1658
0060264306 1659
0060266082 1660
0060266686 1661
006026683X 1662
0060266864 1663
0060266880 1664
0060267046 1665
0060267887 1666
0060268379 1667
0060268654 1668
0060270926 1669
0060271396 1670
0060271639 1671
0060272376 1672
0060273224 1673
006027560X 1674
0060277270 1675
0060277300 1676
0060277475 1677
0060278145 1678
0060278226 1679
0060278234 1680
0060278420 1681
0060278625 1682
0060278676 1683
0060279710 1684
006027980X 1685
0060280077 1686
0060280107 1687
0060280603 1688
0060280646 1689
0060280735 1690
0060280778 1691
0060281111 1692
0060281359 1693
0060281766 1694
0060282282 1695
0060282983 1696
0060283025 1697
0060283181 1698
0060283246 1699
0060283262 1700
0060283289 1701
0060283637 1702
0060284153 1703
0060285966 1704
0060286288 1705
0060286385 1706
0060286873 1707
0060287500 1708
0060287616 1709
0060287659 1710
0060287756 1711
0060287950 1712
0060287977 1713
0060288124 1714
0060288132 1715
0060289333 1716
006028935X 1717
0060289597 1718
0060290307 1719
006029129X 1720
0060291559 1721
0060291702 1722
0060291710 1723
0060292458 1724
0060292857 1725
0060292903 1726
0060293152 1727
0060293233 1728
0060294035 1729
0060294515 1730
0060294582 1731
0060294604 1732
0060294655 1733
0060294671 1734
0060294698 1735
0060295015 1736
0060295317 1737
0060295619 1738
0060295864 1739
0060296070 1740
0060296364 1741
0060296410 1742
0060297921 1743
006029809X 1744
0060298480 1745
0060298774 1746
0060298782 1747
0060298790 1748
0060298898 1749
0060324600 1750
0060390506 1751
0060391189 1752
0060391472 1753
0060391502 1754
0060391626 1755
0060391685 1756
0060391693 1757
0060391901 1758
0060392088 1759
0060392185 1760
0060392320 1761
006039241X 1762
0060392428 1763
0060392436 1764
0060392452 1765
0060392487 1766
0060392622 1767
0060392665 1768
006039269X 1769
0060392827 1770
0060392878 1771
0060392886 1772
0060392932 1773
0060392983 1774
0060392991 1775
0060393009 1776
0060393106 1777
0060393130 1778
006039319X 1779
0060393203 1780
0060393211 1781
006039322X 1782
0060393270 1783
0060393297 1784
0060393319 1785
0060393408 1786
0060393491 1787
0060393556 1788
0060393653 1789
006039367X 1790
0060393688 1791
0060393696 1792
0060393785 1793
0060393831 1794
006039384X 1795
0060393874 1796
0060393939 1797
0060394072 1798
0060394145 1799
006039417X 1800
0060394358 1801
0060394366 1802
0060394374 1803
0060419873 1804
006050109X 1805
0060501189 1806
0060501200 1807
0060501219 1808
0060501405 1809
0060502053 1810
0060502177 1811
0060502185 1812
0060502266 1813
0060502290 1814
0060502452 1815
0060502479 1816
0060502517 1817
0060502797 1818
0060502827 1819
0060502886 1820
0060502908 1821
0060502916 1822
0060502932 1823
0060502959 1824
0060503009 1825
0060503076 1826
0060503467 1827
006050353X 1828
0060503548 1829
0060503580 1830
0060503599 1831
0060504048 1832
0060504072 1833
0060504110 1834
0060504137 1835
0060504196 1836
0060504285 1837
0060505087 1838
0060505109 1839
0060505125 1840
0060505222 1841
0060505249 1842
0060505273 1843
0060505281 1844
006050532X 1845
0060505346 1846
0060505370 1847
0060505389 1848
0060505419 1849
0060505478 1850
0060505540 1851
0060505575 1852
0060505591 1853
0060505621 1854
006050563X 1855
0060505656 1856
0060505680 1857
0060505729 1858
0060505745 1859
0060505753 1860
0060505826 1861
0060505869 1862
0060505877 1863
0060505885 1864
0060505915 1865
0060505923 1866
0060505931 1867
0060506040 1868
0060506075 1869
0060506083 1870
0060506512 1871
0060506539 1872
0060506636 1873
0060506652 1874
0060506687 1875
0060506695 1876
0060506725 1877
006050675X 1878
0060506768 1879
0060507004 1880
0060507047 1881
006050711X 1882
0060507179 1883
0060507217 1884
0060507268 1885
0060507322 1886
0060507365 1887
0060507403 1888
006050742X 1889
0060507586 1890
0060507594 1891
0060507829 1892
0060507837 1893
0060507845 1894
0060507861 1895
0060508078 1896
0060508108 1897
0060508116 1898
0060508124 1899
0060508159 1900
0060508175 1901
0060508183 1902
0060508205 1903
0060508221 1904
0060508248 1905
0060508663 1906
006050871X 1907
0060508876 1908
0060508922 1909
0060509058 1910
0060509066 1911
0060509112 1912
0060509120 1913
0060509287 1914
0060509309 1915
0060509325 1916
0060509406 1917
0060509422 1918
0060509430 1919
0060509465 1920
0060509473 1921
006050949X 1922
0060509546 1923
0060509589 1924
0060510234 1925
0060510250 1926
0060510269 1927
0060510277 1928
0060510293 1929
0060510358 1930
0060510609 1931
006051079X 1932
0060510862 1933
0060510986 1934
0060511052 1935
0060511095 1936
0060511109 1937
0060511117 1938
0060511133 1939
0060511141 1940
0060511176 1941
0060511508 1942
0060511885 1943
0060512180 1944
0060512202 1945
0060512229 1946
0060512377 1947
0060512393 1948
0060512466 1949
0060512601 1950
006051261X 1951
0060512644 1952
0060512741 1953
0060512806 1954
0060513187 1955
0060513381 1956
0060513608 1957
0060513640 1958
0060513659 1959
006051373X 1960
0060513810 1961
0060513837 1962
006051390X 1963
0060513934 1964
0060514051 1965
0060514086 1966
0060514094 1967
0060514116 1968
0060514140 1969
0060514159 1970
0060514337 1971
0060514477 1972
0060514485 1973
0060514558 1974
0060514566 1975
0060514574 1976
0060514671 1977
006051471X 1978
006051485X 1979
0060514876 1980
0060514906 1981
0060514922 1982
0060514930 1983
0060514957 1984
0060515007 1985
0060515023 1986
0060515066 1987
0060515104 1988
0060515120 1989
0060515147 1990
0060515163 1991
0060515198 1992
0060515260 1993
0060515430 1994
0060515465 1995
0060515503 1996
0060515597 1997
0060515732 1998
0060515805 1999
0060515902 2000
0060516054 2001
006051633X 2002
0060516402 2003
0060517123 2004
0060517247 2005
0060517263 2006
0060517468 2007
0060517506 2008
0060517573 2009
0060517611 2010
006051762X 2011
0060517638 2012
0060517662 2013
0060517697 2014
0060517840 2015
0060518316 2016
0060518375 2017
0060518499 2018
0060518650 2019
0060518952 2020
0060519134 2021
0060519517 2022
0060519541 2023
0060519592 2024
0060519606 2025
006051969X 2026
0060519703 2027
0060519711 2028
0060520108 2029
0060520124 2030
0060520132 2031
0060520221 2032
0060520507 2033
0060520515 2034
0060520590 2035
0060520612 2036
0060520744 2037
0060520752 2038
0060520833 2039
0060520841 2040
006052085X 2041
0060520868 2042
0060521228 2043
0060521252 2044
0060521260 2045
006052149X 2046
0060521511 2047
0060521546 2048
0060521597 2049
0060521600 2050
0060521872 2051
0060521899 2052
0060521902 2053
0060521996 2054
0060522003 2055
006052202X 2056
0060522070 2057
0060522267 2058
0060522275 2059
0060522550 2060
0060522585 2061
0060522593 2062
0060522755 2063
0060522976 2064
0060523034 2065
0060523166 2066
0060523204 2067
0060523328 2068
0060523336 2069
0060523387 2070
0060523395 2071
0060523654 2072
0060523786 2073
0060523808 2074
006052393X 2075
0060524006 2076
0060524030 2077
0060524073 2078
0060524103 2079
0060524235 2080
0060524308 2081
0060524367 2082
0060524391 2083
0060524421 2084
0060524448 2085
0060524464 2086
0060524936 2087
0060524944 2088
0060524952 2089
0060524987 2090
0060525096 2091
006052510X 2092
0060525118 2093
0060525126 2094
0060525134 2095
0060525185 2096
0060525193 2097
0060525231 2098
0060525266 2099
0060525274 2100
0060525312 2101
0060525320 2102
006052541X 2103
0060525452 2104
0060525460 2105
0060525509 2106
0060525525 2107
0060525592 2108
0060525614 2109
0060525630 2110
0060525657 2111
006052569X 2112
0060525851 2113
0060526122 2114
0060526149 2115
0060526203 2116
0060526211 2117
0060526300 2118
0060526335 2119
0060526483 2120
0060526491 2121
0060526556 2122
0060526769 2123
0060526777 2124
0060526793 2125
006052698X 2126
0060527021 2127
0060527048 2128
0060527056 2129
0060527129 2130
0060527242 2131
0060527269 2132
0060527307 2133
0060527315 2134
0060527331 2135
0060527412 2136
0060527420 2137
0060527463 2138
0060527544 2139
0060527706 2140
0060527781 2141
0060527986 2142
0060528036 2143
0060528060 2144
0060528079 2145
0060528095 2146
006052815X 2147
0060528184 2148
0060528192 2149
0060528370 2150
0060528400 2151
0060528419 2152
0060528443 2153
006052846X 2154
0060528486 2155
0060528494 2156
0060528877 2157
0060528885 2158
0060529148 2159
0060529164 2160
0060529326 2161
0060529342 2162
0060529369 2163
0060529466 2164
0060529474 2165
0060529490 2166
0060529598 2167
0060529709 2168
006052992X 2169
0060530111 2170
0060530138 2171
0060530286 2172
0060530340 2173
0060530383 2174
0060530413 2175
0060530421 2176
0060530448 2177
0060530456 2178
0060530464 2179
0060530480 2180
0060530499 2181
0060530642 2182
0060530677 2183
0060530790 2184
0060530804 2185
0060530898 2186
0060530928 2187
0060531053 2188
0060531061 2189
0060531088 2190
006053110X 2191
0060531126 2192
0060531177 2193
0060531231 2194
006053124X 2195
0060531258 2196
0060531649 2197
0060531827 2198
0060532149 2199
0060532181 2200
0060532297 2201
0060532459 2202
0060532564 2203
0060532998 2204
0060533013 2205
0060533021 2206
0060533072 2207
0060533080 2208
0060533226 2209
0060533455 2210
0060533994 2211
0060534044 2212
0060534095 2213
0060534214 2214
0060534249 2215
0060534389 2216
0060534397 2217
